Employee  Employee  Hours/    Rate/   Commision   Other  Deductions  Take
Class     Number    Week      Hour                                   Home
----------------------------------------------------------------------------
PT        11236      29.0     39.82       0.00     0.00      226.43   928.35
FT        00839      40.0     27.26       0.00     0.00       70.00  1020.40
PT        11237      26.0     43.69       0.00     0.00      220.78   915.16
CO        96002       0.0      0.00       0.00  6557.56        0.00  6557.56
FT        00840      40.0     32.88       0.00     0.00      120.00  1195.20
FT        00841      40.0     22.09       0.00     0.00       20.00   863.60
CO        96003       0.0      0.00       0.00  4799.39        0.00  4799.39
PT        11238      18.0     35.92       0.00     0.00       73.97   572.59
FT        00842      40.0     70.17       0.00     0.00      800.00  2006.80
FT        00843      40.0     44.03       0.00     0.00      280.00  1481.20
PT        11239      22.0     23.44       0.00     0.00       34.70   480.98
PT        11240      23.0     21.09       0.00     0.00       28.51   456.56
CO        96004       0.0      0.00       0.00  5853.02        0.00  5853.02
FT        00844      40.0     32.88       0.00     0.00      120.00  1195.20
PT        11241      21.0     35.08       0.00     0.00      101.00   635.68
PT        11242      15.0     27.57       0.00     0.00       21.36   392.20
FT        00845      40.0     59.62       0.00     0.00      580.00  1804.80
FT        00846      40.0     50.70       0.00     0.00      400.00  1628.00
CO        96005       0.0      0.00       0.00  4025.50        0.00  4025.50
FT        00847      40.0     47.23       0.00     0.00      340.00  1549.20
CO        96006       0.0      0.00       0.00  7608.92        0.00  7608.92
FT        00848      40.0     32.86       0.00     0.00      120.00  1194.40
CO        96007       0.0      0.00       0.00  4716.51        0.00  4716.51
FT        00849      40.0     29.61       0.00     0.00       90.00  1094.40
FT        00850      40.0     56.79       0.00     0.00      520.00  1751.60
FT        00851      40.0     17.77       0.00     0.00        0.00   710.80
PT        11243      10.0     21.75       0.00     0.00        1.75   215.75
CO        96008       0.0      0.00       0.00  4399.82        0.00  4399.82
FT        00852      40.0     32.07       0.00     0.00      120.00  1162.80
FT        00853      40.0     57.97       0.00     0.00      540.00  1778.80
CO        96009       0.0      0.00       0.00  5895.81        0.00  5895.81
PT        11244      13.0     25.69       0.00     0.00       13.40   320.57
CO        96010       0.0      0.00       0.00  2998.82        0.00  2998.82
FT        00854      40.0     44.78       0.00     0.00      280.00  1511.20
PT        11245      16.0     41.21       0.00     0.00       77.81   581.55
FT        00855      40.0     23.64       0.00     0.00       30.00   915.60
FT        00856      40.0     63.51       0.00     0.00      660.00  1880.40
FT        00857      40.0     56.25       0.00     0.00      520.00  1730.00
FT        00858      40.0     17.07       0.00     0.00        0.00   682.80
FT        00859      40.0     46.16       0.00     0.00      320.00  1526.40
FT        00860      40.0     40.20       0.00     0.00      200.00  1408.00
FT        00861      40.0     48.27       0.00     0.00      360.00  1570.80
PT        11246      30.0     28.33       0.00     0.00      134.97   714.93
----------------------------------------------------------------------------
Page Commision        Page Other        Page Deductions       Page Take Home
----------------------------------------------------------------------------
          0.00          46855.35                7424.68             84732.06
Employee  Employee  Hours/    Rate/   Commision   Other  Deductions  Take
Class     Number    Week      Hour                                   Home
----------------------------------------------------------------------------
CO        96011       0.0      0.00       0.00  5204.03        0.00  5204.03
FT        00862      40.0     31.45       0.00     0.00      110.00  1148.00
FT        00863      40.0     57.00       0.00     0.00      540.00  1740.00
PT        11247      17.0     43.25       0.00     0.00      100.58   634.68
PT        11248      24.0     34.45       0.00     0.00      128.04   698.76
FT        00864      40.0     17.03       0.00     0.00        0.00   681.20
FT        00865      40.0     66.46       0.00     0.00      720.00  1938.40
PT        11249      10.0     32.06       0.00     0.00       12.06   308.54
FT        00866      40.0     33.13       0.00     0.00      130.00  1195.20
CO        96012       0.0      0.00       0.00  5381.28        0.00  5381.28
PT        11250      22.0     36.37       0.00     0.00      120.04   680.10
FT        00867      40.0     56.07       0.00     0.00      520.00  1722.80
FT        00868      40.0     27.11       0.00     0.00       70.00  1014.40
FT        00869      40.0     61.14       0.00     0.00      620.00  1825.60
FT        00870      40.0     25.67       0.00     0.00       50.00   976.80
PT        11251      20.0     39.55       0.00     0.00      117.30   673.70
FT        00871      40.0     44.51       0.00     0.00      280.00  1500.40
CO        96013       0.0      0.00       0.00  3333.50        0.00  3333.50
CO        96014       0.0      0.00       0.00  4443.24        0.00  4443.24
CO        96015       0.0      0.00       0.00  6888.82        0.00  6888.82
PT        11252      30.0     40.46       0.00     0.00      244.14   969.66
FT        00872      40.0     45.75       0.00     0.00      300.00  1530.00
FT        00873      40.0     65.34       0.00     0.00      700.00  1913.60
FT        00874      40.0     54.12       0.00     0.00      480.00  1684.80
FT        00875      40.0     73.63       0.00     0.00      860.00  2085.20
PT        11253      23.0     39.35       0.00     0.00      151.52   753.54
FT        00876      40.0     74.12       0.00     0.00      880.00  2084.80
FT        00877      40.0     22.43       0.00     0.00       20.00   877.20
CO        96016       0.0      0.00       0.00  3743.82        0.00  3743.82
FT        00878      40.0     19.72       0.00     0.00        0.00   788.80
PT        11254      14.0     27.53       0.00     0.00       18.54   366.88
FT        00879      40.0     22.80       0.00     0.00       20.00   892.00
PT        11255      24.0     30.21       0.00     0.00       97.51   627.53
FT        00880      40.0     20.09       0.00     0.00        0.00   803.60
CO        96017       0.0      0.00       0.00  3176.59        0.00  3176.59
FT        00881      40.0     67.38       0.00     0.00      740.00  1955.20
FT        00882      40.0     47.91       0.00     0.00      340.00  1576.40
FT        00883      40.0     25.01       0.00     0.00       50.00   950.40
FT        00884      40.0     20.04       0.00     0.00        0.00   801.60
FT        00885      40.0     21.09       0.00     0.00       10.00   833.60
PT        11256      10.0     42.75       0.00     0.00       22.75   404.75
CO        96018       0.0      0.00       0.00  7778.70        0.00  7778.70
FT        00886      40.0     44.71       0.00     0.00      280.00  1508.40
----------------------------------------------------------------------------
Page Commision        Page Other        Page Deductions       Page Take Home
----------------------------------------------------------------------------
          0.00          39949.98                8732.48             80096.50
Employee  Employee  Hours/    Rate/   Commision   Other  Deductions  Take
Class     Number    Week      Hour                                   Home
----------------------------------------------------------------------------
CO        96019       0.0      0.00       0.00  2108.50        0.00  2108.50
PT        11257      20.0     25.32       0.00     0.00       31.92   474.48
FT        00887      40.0     22.47       0.00     0.00       20.00   878.80
CO        96020       0.0      0.00       0.00  5480.04        0.00  5480.04
FT        00888      40.0     72.96       0.00     0.00      840.00  2078.40
CO        96021       0.0      0.00       0.00  4563.89        0.00  4563.89
FT        00889      40.0     65.77       0.00     0.00      700.00  1930.80
CO        96022       0.0      0.00       0.00  6984.42        0.00  6984.42
PT        11258      21.0     43.73       0.00     0.00      155.50   762.83
FT        00890      40.0     65.21       0.00     0.00      700.00  1908.40
PT        11259      17.0     24.92       0.00     0.00       22.36   401.28
FT        00891      40.0     24.18       0.00     0.00       40.00   927.20
CO        96023       0.0      0.00       0.00  3782.55        0.00  3782.55
PT        11260      17.0     43.14       0.00     0.00      100.01   633.37
FT        00892      40.0     31.52       0.00     0.00      110.00  1150.80
FT        00893      40.0     32.70       0.00     0.00      120.00  1188.00
FT        00894      40.0     60.81       0.00     0.00      600.00  1832.40
FT        00895      40.0     44.56       0.00     0.00      280.00  1502.40
FT        00896      40.0     19.27       0.00     0.00        0.00   770.80
PT        11261      19.0     40.67       0.00     0.00      111.82   660.91
FT        00897      40.0     24.17       0.00     0.00       40.00   926.80
PT        11262      10.0     37.85       0.00     0.00       17.85   360.65
----------------------------------------------------------------------------
Page Commision        Page Other        Page Deductions       Page Take Home
----------------------------------------------------------------------------
          0.00          22919.40                3889.47             41307.71
----------------------------------------------------------------------------
Report Commision    Report Other      Report Deductions     Report Take Home
----------------------------------------------------------------------------
          0.00         109724.73               20046.62            206136.28